Pisek <- structure(list(Speciesnames = c("Acanthopanax_sessiliflorus", 
"Acer_campestre", "Acer_griseum", "Acer_miyabei", "Acer_platanoides_L", 
"Acer_rubrum", "Alnus_glutinosa", "Alnus_Incana", "Alnus_sinuata", 
"Alnus_viridis", "Berberis_Aristata_dc", "Betula.alleghaniensis", 
"Betula_pendula", "Castanea_sativa", "Cercidiphyllum_magnificum", 
"Cornus_officinali", "Crataegus_rhiphidophylla", "Euonymus_nikoensis", 
"Ginkgo_biloba", "Gymnocladus_dioicus", "Hamamelis_virginiana", 
"Laburnum_alpinum", "Lonicera_maackii", "Malus_sylvestris", "Malus_yunnanensis_var_veitchii", 
"Morus_australis", "Philadelphus_sericanthus", "Populus_nigra", 
"Populus_tremula", "Prunus_avium_.Plena.", "Prunus_cocomilia", 
"Prunus_serotina_Glanshagg", "Prunus_serrula", "Prunus_subhirtella", 
"Pterocarya_fraxinifolia", "Pyrus_communis_L", "Quercus_robur_L", 
"Quercus_rubra", "Rhamnus_paviflora", "Rosa_canina", "Salix_alba", 
"Salix_acutifolia", "Salix_caprea", "Sambucus_nigra", "Sorbus_hybrida", 
"Sorbus_rufo.ferruginea", "Sorbus_subarranensis", "Sorbus_subsimilis", 
"Syringa_oblata", "Syringa_vulgaris", "Syringa_wolfii", "Syringa_yunnanensis", 
"Virburnum_lantana", "Zelkova_serrata"), Acanthopanax_sessiliflorus = c(20.973, 
34.472, 7.787, 1.868, 52.667, 65.433, 39.806, 32.905, 48.302, 
41.566, 43.299, 6.843, 52.431, 25.769, 15.546, 12.095, 27.44, 
22.521, 34.992, 33.378, 30.256, 48.366, 37.349, 23.334, 43.636, 
34.077, 30.411, 45, 57.031, 40.786, 26.25, 24.326, 50.029, 50.013, 
40.946, 15.781, 36.193, 57.308, 28.811, 33.69, 18.217, 39.806, 
5.117, 19.026, 3.013, 2.161, 22.834, 65.726, 62.103, 26.565, 
46.332, 23.962, 22.036, 27.135, 21.675, 51.47, 46.878, 24.146, 
34.16, 41.566, 40.601, 58.643, 10.081, 85.601, 83.367, 45.246, 
69.201, 84.844, 73.217, 31.608, 3.053, 55.654, 50.648, 53.973, 
58.707, 19.29, 49.79, 62.008, 4.844, 4.72, 35.181, 51.597, 42.41
), Acer_campestre = c(45.424, 45.674, 48.879, 67.433, 56.634, 
16.176, 31.159, 48.9, 48.311, 43.409, 70.907, 53.791, 32.869, 
78.69, 29.678, 51.582, 58.134, 57.653, 14.381, 43.898, 43.299, 
58.543, 29.539, 55.972, 49.764, 50.641, 52.549, 66.915, 48.705, 
39.193, 70.087, 53.924, 38.66, 27.3, 57.488, 53.746, 75.518, 
48.965, 80.727, 58.513, 53.826, 9.819, 67.19, 48.013, 62.447, 
56.441, 58.941, 57.426, 63.997, 35.122, 35.194, 43.603, 57.189, 
41.8, 49.475, 71.053, 39.428, 38.454, 20.821, 58.241, 38.418, 
45.503, 36.254, 48.918, 57.724, 63.435, 32.164, 52.046, 71.35, 
50.755, 78.312, 45.551, 70.72, 55.234, 36.808), Acer_griseum = c(20.273, 
51.089, 2.603, 68.728, 75.005, 31.115, 7.624, 47.77, 39.685, 
65.323, 21.092, 12.362, 2.49, 61.157, 76.908, 27.15, 31.95, 61.557, 
28.072, 18.113, 40.601, 15.69, 12.588, 18.083, 28.072, 8.326, 
52.765, 40.061, 35.776, 3.633, 24.702, 29.624, 34.33, 23.962, 
1.102, 4.764, 8.297, 48.366, 6.52, 13.761, 2.936, 48.434, 15.945, 
48.691, 57.482, 66.038, 45.591, 56.535, 62.784, 41.987, 15.446, 
0.707, 36.87, 21.675, 52.97, 66.251, 53.326, 18.153, 31.329, 
70.278, 26.053, 2.246, 59.184, 44.444, 36.119, 9.31, 25.821, 
37.694, 60.524, 50.528, 34.695, 45, 7.595, 2.862, 43.636, 40.972, 
37.648, 44.215, 45, 16.351), Acer_miyabei = c(52.815, 54.293, 
43.363, 29.982, 39.928, 36.18, 33.69, 71.409, 60.141, 87.51, 
73.426, 35.194, 49.399, 37.648, 49.185, 51.226, 20.194, 34.34, 
36.585, 18.825, 62.613, 50.38, 76.891, 20.659, 49.67, 46.042, 
46.591, 48.532, 74.476, 65.956, 56.547, 57.724, 74.181, 48.9, 
47.726, 32.969, 53.253, 51.34, 55.548, 42.374, 70.396, 27.181, 
49.497, 42.955, 35.655, 28.951, 27.474, 28.648, 36.552, 49.399, 
24.528, 36.158, 45.993, 44.132, 40.601, 20.487, 59.482, 43.247, 
42.138, 46.995, 29.805, 41.186, 57.031, 51.044, 49.514, 42.879, 
27.848, 46.66, 36.119, 40.462, 65.556, 55.176, 16.887, 26.87, 
32.998, 24.121, 24.59, 17.7, 65.395, 62.241), Acer_platanoides_L = c(21.286, 
62.526, 45.796, 54.703, 35.46, 75.174, 8.344, 77.58, 58.513, 
73.217, 24.55, 32.082, 40.135, 60.086, 42.797, 17.19, 41.987, 
58.711, 7.245, 33.53, 39.5, 22.751, 3.972, 62.684, 25.747, 23.459, 
47.847, 56.051, 61.22, 46.095, 53.13, 15.832, 75.548, 41.583, 
67.775, 40.715, 59.287, 75.518, 35.822, 43.854, 46.169, 18.208, 
33.93, 35.957, 46.273, 39.596, 72.897, 14.153, 5.856, 9.395, 
37.875, 50.404, 59.566, 40.946, 31.759, 20.026, 31.88, 26.255, 
21.407, 16.557, 48.094, 49.185, 55.408, 11.244, 66.477, 48.145, 
52.386, 54.652, 33.871, 36.87, 19.885, 57.355, 59.589, 66.991, 
63.435, 40.507, 29.899, 43.382, 34.277, 39.455, 29.604, 34.592, 
35.789, 52.595, 41.468, 41.634, 18.034, 43.122, 27.031, 26.03, 
47.337, 33.69, 51.315, 48.487, 43.68, 32.106, 62.301, 43.202, 
36.111, 48.888), Acer_rubrum = c(12, 2, 25, 10, 3, 43, 4, 21, 
22, 32, 27, 20, 24, 10, 23, 35, 18, 17, 8, 13, 17, 26, 9, 13, 
10, 39, 34, 23, 25, 33, 38, 1, 10, 17, 37, 21, 35, 30, 12, 14, 
38, 18, 33, 35, 38, 30, 18, 10, 31, 14, 37, 38, 17, 29, 33, 40, 
19, 5, 20, 18, 26, 9, 19, 35, 31, 46, 46, 39, 37, 43, 34, 12, 
19, 40, 35, 29, 29, 34, 26, 23, 34, 45, 29, 27, 17, 18, 30, 21, 
17, 25, 43, 20, 1, 8, 29, 16, 21, 2, 5, 38, 27, 29, 21, 29, 28, 
2, 23, 25, 21, 25, 35, 17, 17, 40, 23, 39, 40, 25, 23, 33, 27, 
6, 25, 22, 44, 4, 24, 66, 23, 31, 55, 59, 49, 41, 19, 36, 57, 
33, 29, 38, 43, 36, 9, 43, 17, 69, 19, 41, 40, 43, 27, 46, 48, 
17, 41, 38, 35, 9, 37, 29, 45, 24, 4, 21, 51, 63, 37, 60, 48, 
45, 62, 63, 27, 48, 7, 58, 48, 24, 52, 2, 27, 35, 7, 51, 49, 
48, 51, 68, 43, 44, 52, 45, 28, 18, 42, 28, 31, 34, 45), Alnus_glutinosa = c(27.181, 
45.939, 78.977, 89.37, 48.814, 24.775, 19.654, 90, 21.615, 59.783, 
60.068, 47.291, 40.101, 46.507, 33.871, 1.701, 68.663, 33.215, 
25.201, 75.141, 72.646, 74.836, 22.443, 66.602, 33.275, 41.309, 
28.191, 7.549, 44.029, 66.038, 54.005, 78.69, 49.014, 77.905, 
43.781, 65.518, 70.71, 28.72, 35.803, 53.246, 64.904, 61.321, 
66.501, 60.461, 75.964, 52.958, 61.858, 60.43, 61.39, 35.293, 
54.058, 82.266, 45, 62.176, 69.775, 62.665, 43.152, 79.778, 60.306, 
20.785, 17.216, 38.454, 19.359, 41.689, 49.611, 36.674, 50.572, 
16.39, 74.932, 47.215, 71.488, 52.292, 10.275, 49.447, 59.783, 
59.715, 60.124, 87.337, 59.982, 65.225), Alnus_Incana = c(7.472, 
2.862, 32.881, 13.392, 40.365, 0.966, 61.243, 10.46, 32.735, 
8.94, 21.346, 0.311, 30.453, 41.987, 38.157, 35.707, 16.39, 35.218, 
5.877, 15.293, 14.47, 15.446, 11.944, 15.44, 12.407, 39.118, 
30.541, 3.668, 6.642, 4.399, 68.499, 15.376, 5.117, 49.635, 18.034, 
9.638, 32.082, 15.393, 27.121, 27.92, 12.918, 45, 39.094, 0.895, 
14.323, 23.839, 32.152, 10.561, 32.471, 36.754, 23.86, 22.306, 
16.887, 33.147, 18.8, 22.62, 33.215, 66.873, 15.011, 20.556, 
10.946, 1.577, 2.49, 51.072, 5.013, 8.267, 17.038, 8.531, 6.911, 
37.304, 25.178, 69.806, 45, 30.677, 46.79, 26.123, 30.75, 24.057, 
37.405, 11.201, 39.369, 3.094, 3.991, 5.505, 20.45, 2.862, 20.095, 
28.443, 12.529, 6.429, 27.096, 9.462, 0.725, 10.713, 21.801, 
8.858, 17.745, 22.913, 19.093, 10.981, 32.705, 3.013, 2.99, 28.355, 
5.492, 23.448, 60.716, 3.489, 9.462, 18.189, 45.824, 30.6, 14.534, 
3.489, 31.464, 31.247, 13.201, 35.816, 1.909, 39.508, 28.951, 
48.145, 37.255, 49.531, 20.304, 15.945, 7.125, 36.384, 39.611, 
31.122, 31.799, 21.93, 44.484, 41.082, 37.504, 8.616, 25.769, 
27.848, 39.428, 9.782, 61.049, 40.061, 7.058, 30.682, 18.104, 
10.437, 3.434, 11.634, 13.069, 22.77), Alnus_sinuata = c(23.199, 
45.764, 41.135, 55.105, 52.549, 24.066, 58.736, 27.044, 25.33, 
37.856, 24.027, 56.586, 23.199, 46.637, 14.407, 13.496, 21.194, 
5.782, 45.738, 18.997, 21.938, 19.502, 23.72, 1.809, 34.729, 
30.619, 12.44, 21.675, 8.448, 14.511, 21.146, 67.724, 5.301, 
15.255, 18.435, 52.524, 39.946, 28.856, 20.41, 25.324, 38.941, 
21.727, 16.026, 12.68, 18.869, 58.761, 20.225, 6.645, 22.62, 
54.689, 39.508, 67.874, 68.199, 37.833, 27.235, 48.27, 19.904, 
52.943, 11.47, 12.804, 6.483, 31.608, 7.696, 49.086, 25.589, 
31.35, 23.782, 27.121, 11.129, 41.186, 17.526, 55.235, 2.49, 
20.456, 27.15, 19.552, 23.733, 60.998, 45.616, 8.575),